================original x========================
[[440 654 168 ..., 794  78  40]
 [304  27 363 ..., 113 140 240]
 [187  27 168 ...,  13  39  31]
 ..., 
 [  0  38   0 ...,   0   0   0]
 [  0  58   0 ...,   0   0   0]
 [  0  14   0 ...,   0   0   0]]
================mask=========================
[[ 1.  1.  1. ...,  1.  1.  1.]
 [ 1.  1.  1. ...,  1.  1.  1.]
 [ 1.  1.  1. ...,  1.  1.  1.]
 ..., 
 [ 0.  1.  0. ...,  0.  0.  0.]
 [ 0.  1.  0. ...,  0.  0.  0.]
 [ 0.  1.  0. ...,  0.  0.  0.]]
================y========================
[1, 0, 1, 1, 1, 0, 0, 1, 0, 0, 1, 1, 0, 0, 0, 0]
====/usr/local/lib/python2.7/dist-packages/theano/gof.py=====MyTEST============
[[array([[440, 654, 168, ..., 794,  78,  40],
       [304,  27, 363, ..., 113, 140, 240],
       [187,  27, 168, ...,  13,  39,  31],
       ..., 
       [  0,  38,   0, ...,   0,   0,   0],
       [  0,  58,   0, ...,   0,   0,   0],
       [  0,  14,   0, ...,   0,   0,   0]])]]
######################
[array([[440, 654, 168, ..., 794,  78,  40],
       [304,  27, 363, ..., 113, 140, 240],
       [187,  27, 168, ...,  13,  39,  31],
       ..., 
       [  0,  38,   0, ...,   0,   0,   0],
       [  0,  58,   0, ...,   0,   0,   0],
       [  0,  14,   0, ...,   0,   0,   0]])]
====/usr/local/lib/python2.7/dist-packages/theano/gof.py=====MyTEST============
[[array(0, dtype=int8)], [array([97, 16])], [array([512])]]
######################
[array(0, dtype=int8), array([97, 16]), array([512])]
====/usr/local/lib/python2.7/dist-packages/theano/gof.py=====MyTEST============
[[array(0, dtype=int8)], [array(16)], [array(1, dtype=int8)]]
######################
[array(0, dtype=int8), array(16), array(1, dtype=int8)]
====/usr/local/lib/python2.7/dist-packages/theano/gof.py=====MyTEST============
[[array([[ 0.49991769,  0.50008231],
       [ 0.49982569,  0.50017431],
       [ 0.49993348,  0.50006652],
       [ 0.4999038 ,  0.5000962 ],
       [ 0.49997197,  0.50002803],
       [ 0.49999506,  0.50000494],
       [ 0.49998078,  0.50001922],
       [ 0.49989905,  0.50010095],
       [ 0.49993561,  0.50006439],
       [ 0.49992259,  0.50007741],
       [ 0.49988276,  0.50011724],
       [ 0.49993143,  0.50006857],
       [ 0.4999262 ,  0.5000738 ],
       [ 0.50001494,  0.49998506],
       [ 0.50002454,  0.49997546],
       [ 0.49993262,  0.50006738]])], [array([ 0,  1,  2,  3,  4,  5,  6,  7,  8,  9, 10, 11, 12, 13, 14, 15])], [array([1, 0, 1, 1, 1, 0, 0, 1, 0, 0, 1, 1, 0, 0, 0, 0])]]
######################
[array([[ 0.49991769,  0.50008231],
       [ 0.49982569,  0.50017431],
       [ 0.49993348,  0.50006652],
       [ 0.4999038 ,  0.5000962 ],
       [ 0.49997197,  0.50002803],
       [ 0.49999506,  0.50000494],
       [ 0.49998078,  0.50001922],
       [ 0.49989905,  0.50010095],
       [ 0.49993561,  0.50006439],
       [ 0.49992259,  0.50007741],
       [ 0.49988276,  0.50011724],
       [ 0.49993143,  0.50006857],
       [ 0.4999262 ,  0.5000738 ],
       [ 0.50001494,  0.49998506],
       [ 0.50002454,  0.49997546],
       [ 0.49993262,  0.50006738]]), array([ 0,  1,  2,  3,  4,  5,  6,  7,  8,  9, 10, 11, 12, 13, 14, 15]), array([1, 0, 1, 1, 1, 0, 0, 1, 0, 0, 1, 1, 0, 0, 0, 0])]
====/usr/local/lib/python2.7/dist-packages/theano/gof.py=====MyTEST============
[[array([[ 0.,  0.],
       [ 0.,  0.],
       [ 0.,  0.],
       [ 0.,  0.],
       [ 0.,  0.],
       [ 0.,  0.],
       [ 0.,  0.],
       [ 0.,  0.],
       [ 0.,  0.],
       [ 0.,  0.],
       [ 0.,  0.],
       [ 0.,  0.],
       [ 0.,  0.],
       [ 0.,  0.],
       [ 0.,  0.],
       [ 0.,  0.]])], [array([-0.12497942, -0.12504359, -0.12498337, -0.12497595, -0.12499299,
       -0.12500123, -0.1250048 , -0.12497476, -0.1250161 , -0.12501935,
       -0.12497069, -0.12498286, -0.12501845, -0.12499626, -0.12499386,
       -0.12501684])], [array([ 0,  1,  2,  3,  4,  5,  6,  7,  8,  9, 10, 11, 12, 13, 14, 15])], [array([1, 0, 1, 1, 1, 0, 0, 1, 0, 0, 1, 1, 0, 0, 0, 0])]]
######################
[array([[ 0.,  0.],
       [ 0.,  0.],
       [ 0.,  0.],
       [ 0.,  0.],
       [ 0.,  0.],
       [ 0.,  0.],
       [ 0.,  0.],
       [ 0.,  0.],
       [ 0.,  0.],
       [ 0.,  0.],
       [ 0.,  0.],
       [ 0.,  0.],
       [ 0.,  0.],
       [ 0.,  0.],
       [ 0.,  0.],
       [ 0.,  0.]]), array([-0.12497942, -0.12504359, -0.12498337, -0.12497595, -0.12499299,
       -0.12500123, -0.1250048 , -0.12497476, -0.1250161 , -0.12501935,
       -0.12497069, -0.12498286, -0.12501845, -0.12499626, -0.12499386,
       -0.12501684]), array([ 0,  1,  2,  3,  4,  5,  6,  7,  8,  9, 10, 11, 12, 13, 14, 15]), array([1, 0, 1, 1, 1, 0, 0, 1, 0, 0, 1, 1, 0, 0, 0, 0])]
====/usr/local/lib/python2.7/dist-packages/theano/gof.py=====MyTEST============
[[array([[ 0.,  0.,  0., ...,  0.,  0.,  0.],
       [ 0.,  0.,  0., ...,  0.,  0.,  0.],
       [ 0.,  0.,  0., ...,  0.,  0.,  0.],
       ..., 
       [ 0.,  0.,  0., ...,  0.,  0.,  0.],
       [ 0.,  0.,  0., ...,  0.,  0.,  0.],
       [ 0.,  0.,  0., ...,  0.,  0.,  0.]])], [array([[  4.00387433e-06,  -2.40459079e-05,   8.52011147e-07, ...,
          1.55050118e-05,  -1.46302273e-06,  -1.13323628e-05],
       [ -4.32338577e-06,   1.41848633e-06,   2.19126523e-06, ...,
          1.02089789e-06,  -1.04833503e-06,   2.87599098e-06],
       [  6.95691650e-05,  -5.09838512e-05,   3.02702744e-05, ...,
          1.28498879e-05,   4.46922952e-06,  -5.02789327e-05],
       ..., 
       [  0.00000000e+00,   0.00000000e+00,   0.00000000e+00, ...,
          0.00000000e+00,   0.00000000e+00,   0.00000000e+00],
       [  0.00000000e+00,   0.00000000e+00,   0.00000000e+00, ...,
          0.00000000e+00,   0.00000000e+00,   0.00000000e+00],
       [  0.00000000e+00,   0.00000000e+00,   0.00000000e+00, ...,
          0.00000000e+00,   0.00000000e+00,   0.00000000e+00]])], [array([440, 654, 168, ...,   0,   0,   0])]]
######################
[array([[ 0.,  0.,  0., ...,  0.,  0.,  0.],
       [ 0.,  0.,  0., ...,  0.,  0.,  0.],
       [ 0.,  0.,  0., ...,  0.,  0.,  0.],
       ..., 
       [ 0.,  0.,  0., ...,  0.,  0.,  0.],
       [ 0.,  0.,  0., ...,  0.,  0.,  0.],
       [ 0.,  0.,  0., ...,  0.,  0.,  0.]]), array([[  4.00387433e-06,  -2.40459079e-05,   8.52011147e-07, ...,
          1.55050118e-05,  -1.46302273e-06,  -1.13323628e-05],
       [ -4.32338577e-06,   1.41848633e-06,   2.19126523e-06, ...,
          1.02089789e-06,  -1.04833503e-06,   2.87599098e-06],
       [  6.95691650e-05,  -5.09838512e-05,   3.02702744e-05, ...,
          1.28498879e-05,   4.46922952e-06,  -5.02789327e-05],
       ..., 
       [  0.00000000e+00,   0.00000000e+00,   0.00000000e+00, ...,
          0.00000000e+00,   0.00000000e+00,   0.00000000e+00],
       [  0.00000000e+00,   0.00000000e+00,   0.00000000e+00, ...,
          0.00000000e+00,   0.00000000e+00,   0.00000000e+00],
       [  0.00000000e+00,   0.00000000e+00,   0.00000000e+00, ...,
          0.00000000e+00,   0.00000000e+00,   0.00000000e+00]]), array([440, 654, 168, ...,   0,   0,   0])]
